1 21.8943
2 21.4572
3 15.7475
4 17.6965
5 17.9128
6 22.6723
7 23.3842
8 30.037
9 15.913
10 15.8105
11 22.9535
12 16.5254
13 16.7462
14 22.2199
15 22.4411
16 24.6834
17 25.7905
18 24.7104
19 24.8133
20 25.2165
21 25.2296
22 25.2763
23 19.4464
24 25.0084
25 22.1968
26 23.0583
27 22.6523
28 21.7081
29 20.9118
30 21.3154
31 21.0125
32 23.2057
33 20.286
34 19.4621
35 23.2959
36 21.989
37 22.8618
38 19.7236
39 20.4634
40 20.1886
41 19.7393
42 19.5616
43 18.6426
44 19.475
45 20.3176
46 19.6785
47 19.1065
48 21.3474
49 19.5281
50 18.3713
51 18.6143
52 18.6694
53 19.2876
54 19.7646
55 20.6774
56 19.5026
57 18.8743
58 19.7692
59 18.3463
60 17.3727
61 17.506
62 18.2194
63 19.0941
64 21.3684
65 18.545
66 17.2475
67 17.8977
68 17.6938
69 18.1026
70 17.1016
71 17.2235
72 17.8673
73 17.6124
74 17.5553
75 17.1959
76 17.2366
77 17.5214
78 17.6597
79 17.4454
80 17.9328
81 17.1776
82 17.631
83 18.4399
84 17.3359
85 18.5677
86 18.8148
87 18.0361
88 18.5625
89 17.587
90 18.0205
91 17.3073
92 18.3749
93 18.831
94 18.6281
95 17.9315
96 19.1015
97 17.3327
98 18.8435
99 18.6019
1