1 16.2799
2 16.9997
3 17.4404
4 24.4293
5 17.3044
6 17.9857
7 18.7221
8 17.8674
9 22.8258
10 21.4836
11 21.7634
12 23.3422
13 33.1642
14 22.6632
15 23.367
16 17.6132
17 22.3296
18 20.8486
19 23.6242
20 26.2985
21 25.2712
22 27.5114
23 27.9614
24 33.1941
25 25.4381
26 38.6069
27 26.1953
28 27.1201
29 39.6645
30 26.4566
31 40.0885
32 20.4265
33 34.8456
34 23.5153
35 34.8328
36 35.4723
37 36.2247
38 36.4671
39 43.8285
40 25.008
41 27.6551
42 41.5639
43 41.9965
44 29.4419
45 43.2348
46 43.33
47 42.779
48 28.9346
49 37.8437
50 38.8629
51 38.4498
52 26.6804
53 40.0987
54 40.3807
55 27.5659
56 41.2353
57 45.0439
58 45.3076
59 45.5416
60 46.3096
61 48.9164
62 48.6034
63 48.729
64 25.2955
65 27.9177
66 44.123
67 44.0391
68 42.6764
69 29.5908
70 43.7851
71 44.3879
72 43.6848
73 47.5577
74 48.4125
75 48.6697
76 50.0092
77 50.074
78 49.6551
79 50.0117
80 39.3152
81 43.7592
82 44.7508
83 45.7485
84 45.8436
85 46.1979
86 46.8157
87 47.3965
88 47.1106
89 51.6098
90 51.8634
91 52.1696
92 53.1994
93 52.877
94 52.5078
95 52.6235
96 42.9165
97 45.9981
98 45.6452
99 47.8567
1