1 21.2237
2 22.7612
3 22.23
4 19.1587
5 20.4565
6 20.5215
7 19.9291
8 20.2212
9 22.8408
10 24.4163
11 22.4709
12 26.9623
13 22.5962
14 23.451
15 23.0113
16 22.2281
17 31.4097
18 26.8847
19 29.7095
20 31.4672
21 27.5235
22 27.2231
23 28.7487
24 27.3451
25 27.7582
26 30.6303
27 26.3488
28 30.8445
29 30.0357
30 27.2304
31 27.3855
32 27.0083
33 35.7916
34 37.6412
35 37.9873
36 37.5619
37 37.7597
38 37.6349
39 37.886
40 37.7574
41 38.0892
42 37.4986
43 37.7111
44 37.9707
45 35.8969
46 37.7197
47 37.7988
48 35.2923
49 37.7576
50 37.7383
51 38.0317
52 37.6261
53 37.6724
54 37.7063
55 37.7566
56 38.1004
57 38.2268
58 37.8716
59 36.0314
60 38.2579
61 38.0889
62 37.9115
63 37.8311
64 37.6832
65 45.1759
66 45.1344
67 45.2437
68 45.2426
69 45.3948
70 44.9507
71 44.8853
72 44.9298
73 44.9905
74 45.0918
75 44.8509
76 44.8717
77 44.738
78 44.9394
79 45.1521
80 45.3426
81 45.3735
82 44.9541
83 45.0212
84 44.9957
85 45.3752
86 45.0295
87 44.9711
88 44.8535
89 45.5263
90 44.9468
91 45.4999
92 30.0699
93 43.8471
94 45.564
95 45.296
96 44.3792
97 52.401
98 52.1804
99 52.0704
